#PACKET TRACE:


Data for Plotting
time  	 pkt_length  
0.0	48
0.15297232421	46
0.727676087623	52
0.961218863908	60
1.76934326086	40
1.89263996221	59
2.12985632155	59
2.51412180531	59
3.50607758319	59
4.22382702327	59
4.84263203489	59
5.34592539955	59
6.16557297741	47
6.98937894333	48
7.02941679338	48
7.87279623106	48
8.69135821518	48
9.24580569919	48
9.86294105937	48
10.2462536344	48
10.3356215951	52
11.084148696	52
11.8390243759	52
11.9335060572	52
12.5550992366	52
12.6133675108	52
13.2748431607	52
13.4748431607	57
13.6232142325	55
13.7323731042	44
14.3493621784	53
14.9797438614	63
15.4076537515	58
15.4980449945	58
15.8256249883	58
16.0132393475	58
16.7512444697	58
17.0284526223	58
17.805043905	58
18.4359173283	38
19.1678395483	53
19.6788797823	41
20.2551682654	57
21.044149619	57
21.0598518239	57
21.9625265338	57
22.0307654273	57
22.1037123859	57
22.1221734117	57
22.2509279768	50
23.123886252	45
23.5673960255	45
24.3607864503	45
25.2253800799	45
25.5772571178	45
26.0742439141	45
26.3325473638	45
26.4774977527	63
27.0902040267	63
27.1091978835	63
27.5906068694	63
28.5327814655	63
29.1931075638	63
29.8933268143	63
30.0933268143	38
30.1100714038	54
31.0798246611	55
31.7453406636	55
32.4667195694	55
32.9431450534	55
33.3218951996	55
34.2587254421	55
34.5456377087	55
35.0510824517	42
35.9327001989	42
36.7799347824	42
37.2246321365	42
37.4415414085	42
37.4716667515	42
37.6358096735	42
38.0587892149	41
38.6029490078	54
39.5019892788	54
39.9462441989	54
40.2072751059	54
40.2231886151	54
41.0323117911	54
41.0687328297	54
41.1687328297	57
41.8079935559	50
42.3349786541	46
42.7113594663	46
43.0222857592	46
43.8146209808	46
44.0599541825	46
44.6694546436	46
45.0496469728	46
45.9726738076	56
46.9278633493	56
47.0086815003	56
47.4363141752	56
47.4875445849	56
48.4680210681	56
48.6381060897	56
48.7381060897	46
49.7309543741	49
49.9028178128	53
50.0046463326	53
50.4569621995	53
51.3987179934	53
52.1390443043	53
52.434318262	53
52.4444264726	53
52.7584852011	52
53.5944377537	49
54.5556113995	49
55.2622070944	49
55.3591118619	48
55.718557325	51
56.3033706698	38
57.280702447	50
58.2054328877	53
58.421024569	50
58.9248723356	44
59.2493143485	49
59.7411432821	44
59.9186765609	37
60.5410133055	45
61.1954767807	55
61.2362143753	50
62.2137425678	56
62.7449312917	53
62.9909543573	49
63.5075845457	62
63.7107317752	67
64.4123252833	67
64.8063839315	67
65.1519011113	67
65.7557439118	67
65.7602203327	67
66.3902480655	67
67.2728432615	45
68.032016855	53
68.3153081132	44
69.0091628145	41
69.7713826358	41
69.9256446416	41
70.8175917935	41
71.3758794983	41
71.6476125686	41
72.3720064474	41
72.4147030472	55
72.8439547312	43
73.4859806931	47
73.8273666713	38
74.2224372239	38
75.2209316164	38
76.1324597907	38
76.7589509016	38
76.8249076995	38
77.7990523919	38
77.9135004638	59
78.4879860125	44
78.8706910837	44
79.8230230161	44
80.5505451196	44
81.3814332415	44
81.7300977076	44
82.3119991099	44
82.3820515455	49
83.1852719323	49
83.4803669821	49
83.7292838568	49
84.1313041524	49
84.7712945998	49
85.7263865862	49
85.9263865862	50
86.2266552781	54
87.2033022959	43
87.8429974969	43
88.2348835433	43
88.2493859548	43
88.6977218393	43
89.0424644065	43
89.8317836275	43
90.7206871323	43
91.0872341285	51
91.8288416563	45
91.9846690947	56
92.5411667355	59
92.6267118877	55
92.8808993183	54
93.4790880479	54
93.5387331167	54
93.8338399216	54
94.6280157338	54
94.7457224646	54
95.6383122606	54
96.1337173279	51
97.0308978257	51
97.235293361	51
97.8953662102	51
98.1287196492	51
98.2392436172	51
98.795085894	51
99.0115582335	46
99.2132464056	58
99.5308855114	56
99.8660996521	63
99.9748927366	63
100.759603206	63
101.48937256	63
102.384439604	63
102.564222554	63
102.677379656	63
103.536815157	49
103.841498064	58
104.213618517	51
104.284994765	37
105.14196701	37
105.698863217	37
106.329336703	37
106.43743723	37
107.431697222	37
108.305109514	37
108.305109514	39
109.039533973	59
109.620582427	54
109.755105096	48
109.810582568	41
110.518886469	47
111.43589269	47
111.74772461	47
111.823865193	47
112.615280728	47
113.610469777	47
114.534463112	47
114.581868424	40
115.339399839	50
115.918641959	50
116.066759698	50
116.238520459	50
116.314701715	50
116.619570673	50
116.856537216	50
117.784755312	57
117.995928242	57
118.307057115	57
118.734411591	57
119.599555113	57
120.404167874	57
120.681709256	57
120.881709256	49
121.758271426	52
122.70314436	47
123.01587493	47
123.516904312	47
124.122898304	47
124.867194232	47
125.618194572	47
126.01774916	47
126.942171259	50
127.634080957	41
128.311240443	41
129.056974702	41
130.035475495	41
130.498434896	41
130.661628468	41
130.900699957	41
131.000699957	50
131.382773469	40
131.814693919	56
132.219988457	56
132.574514015	56
133.015991683	56
133.755669742	56
134.058744076	56
134.118984157	56
134.158999671	59
134.601604693	59
135.401727666	59
136.143892401	59
136.239345546	59
136.993984616	59
137.013782153	59
137.598653342	49
138.223653085	49
138.285128755	49
139.116436535	49
139.983113121	49
140.162863726	49
141.154911509	49
141.254911509	48
141.367722827	51
142.345057516	36
142.870127846	36
143.338946972	36
144.266926974	36
144.766613329	36
145.669942206	36
146.27871234	36
146.27871234	43
146.789672334	61
146.902408631	41
147.682825762	41
148.533141046	41
149.087107903	41
149.673258685	41
150.074472675	41
151.001726717	41
151.001726717	48
151.458679655	40
152.051219776	33
152.542228065	33
152.858044331	33
153.080026116	33
154.055443347	33
154.978820918	33
155.047366793	33
155.466349205	59
156.026009272	59
156.907629536	59
157.419188917	59
158.303829604	59
159.195925674	59
159.936276684	59
160.036276684	55
160.545140433	33
161.080256797	53
161.955102332	53
161.961797447	53
162.642407375	53
163.340843484	53
163.845354654	53
164.472225838	53
164.649341381	63
165.60102075	63
166.231721965	63
166.482576903	63
166.912432676	63
167.854627658	63
168.423930087	63
168.523930087	42
169.125269635	48
169.634690782	52
169.981308965	56
170.68944208	34
171.014795368	50
171.338629162	61
171.516748959	64
171.518428593	47
171.688683663	49
172.543226756	47
172.95757443	42
173.218096016	42
173.794430531	42
174.754314223	42
175.432839549	42
176.086597253	42
176.417497145	42
177.09479237	47
177.283432257	47
178.254209277	47
178.4582089	47
179.1137113	47
179.494513112	47
180.455988971	47
180.555988971	42
180.947763276	49
181.762401967	49
182.112117612	49
183.004967627	49
183.125348082	49
183.673903107	49
184.286765166	49
185.158154262	49
185.600559069	39
186.174268985	43
186.536495237	50
187.338990021	50
187.864060875	51
188.658936547	43
188.909125575	57
189.142587877	47
189.85661154	47
190.075545779	47
190.568564485	47
190.820498442	47
191.27141405	47
191.61896839	47
192.050835307	48
192.29520372	34
192.887560581	55
192.934717619	45
193.918565482	45
194.574793794	45
194.855269425	45
195.643690485	45
195.820200153	45
196.791365211	45
197.295490236	58
197.86262906	58
198.485257958	58
199.100508297	58
199.165934805	58
200.002671386	58
200.907469142	58
201.007469142	53
201.58203408	60
202.1395252	52
202.892634675	49
203.582188503	60
204.542358342	46
204.698199786	46
205.359089462	46
206.004011497	46
206.296467589	46
207.238108593	46
207.994345416	46
208.680160329	62
209.195975872	41
209.756415751	43
210.145805549	44
210.15026637	54
211.000177084	47
211.848681105	49
212.12011923	48
212.155993165	46
212.546475955	29
212.815390825	29
213.64453987	29
214.560999061	29
214.835227731	29
214.840292787	29
214.910987055	29
215.180185276	43
215.589940601	43
215.757016126	43
215.761725004	43
216.636638921	43
217.495282129	43
218.044434123	43
218.454211061	54
218.624759265	47
219.561703989	48
220.15434849	61
220.303613931	61
220.984835747	61
221.725445188	61
222.155642179	61
222.212421122	61
222.708026447	61
223.217705945	48
224.133672213	57
225.061865393	44
225.21770266	49
225.690234144	49
226.659292763	49
226.854322062	49
227.024277125	49
227.980884787	49
228.184496556	49
228.769818895	46
229.040130304	46
229.075548558	46
230.027420984	46
230.788404786	46
231.26399855	46
231.911779127	46
232.011779127	52
232.284010829	51
232.622539474	46
232.703651565	46
232.750805655	46
233.208993756	46
234.187889854	46
235.168887797	46
236.080612036	46
236.449081527	54
237.226481822	54
237.825183278	54
238.674765414	54
238.750042624	54
239.428462969	54
239.863935723	54
239.963935723	48
240.675398666	39
241.162903982	45
241.750434699	61
242.326715436	42
243.100211934	50
243.613949424	50
243.8808473	50
244.309085178	50
244.560912695	50
244.821470823	50
245.046552437	50
246.010041016	48
246.087784155	48
246.84450251	48
247.092596896	48
247.543767114	48
247.937799093	48
248.097426014	48
248.197426014	42
248.979808674	57
249.571581321	57
250.105575917	63
250.534597506	43
250.587050282	46
251.245335012	45
251.421556134	55
251.818780636	49
252.666677882	49
253.470234391	49
253.896489242	49
254.026339834	49
254.595818406	49
255.592845732	49
255.854664465	42
256.590945546	42
257.431097072	42
258.086476276	42
258.936020924	42
259.49921784	42
259.691668303	42
259.791668303	52
260.724963534	52
261.654561018	49
262.136824667	49
262.235855074	49
262.872561137	49
263.394888864	49
263.928622723	49
264.904276351	49
264.986676223	58
265.830507326	40
266.812315517	40
267.780893785	40
267.797333626	40
268.454910565	40
268.584713076	40
269.355385766	40
269.455385766	42
269.487201156	48
270.170601724	34
270.373943138	56
270.613530992	53
271.329015262	49
271.731249169	49
271.733238266	49
272.087146732	49
273.082075375	49
273.574481638	49
273.871286014	49
274.208511381	51
275.059031297	47
275.851033467	47
276.599458842	46
277.578943397	39
278.140441887	39
278.208900414	44
278.518345513	58
278.761088021	52
278.841011727	39
279.5995724	38
280.097411247	32
280.338651073	48
281.077509931	49
281.430224599	49
282.174615082	50
283.042310655	58
283.750959302	58
284.321278662	58
285.296943531	58
286.23676853	58
287.215959207	58
287.753121115	58
287.753121115	59
288.227939868	39
288.691147593	52
289.179097497	52
289.828132959	52
290.541386068	52
291.275712434	52
291.987002117	52
292.289129802	52
292.962477457	43
293.329682673	43
293.371681303	43
293.415484273	43
294.010533247	43
294.448631881	43
294.820095735	43
294.920095735	50
295.286116812	52
295.917711669	43
296.791829679	43
297.704866499	43
297.945758565	43
298.203227042	43
298.33929679	43
299.17223516	43
299.731438036	45
300.453501204	53
300.657457002	43
301.554336889	48
301.985150711	64
302.973905551	64
303.474936635	64
303.533178766	64
304.399553168	64
304.422198462	64
305.263770985	64
305.263770985	44
305.764897344	46
306.288276782	51
306.487933877	51
307.477458081	51
308.313812579	51
308.465725911	51
308.554382031	51
308.998467183	51
309.762692118	55
310.667996803	42
311.525900023	48
311.781315533	51
312.568927529	51
313.141329334	51
313.478450582	51
313.819225356	51
314.226641955	51
314.600802398	51
315.074226508	42
315.557213681	44
316.471878156	47
316.560079259	48
316.729339383	64
317.345518132	46
317.936990814	44
318.702595251	44
319.698584852	44
320.050251392	44
320.554366099	44
321.435631467	44
321.449913635	44
322.031307035	48
322.105836817	49
322.95250516	49
323.594430869	49
324.141711118	49
324.404104731	49
325.077633701	49
325.788108909	49
326.116321882	41
326.941927336	41
326.946452964	41
327.449243292	41
328.138568952	41
329.125831595	41
329.228507923	41
329.428507923	51
330.130326229	43
330.96155049	56
331.340276679	56
332.167146615	56
332.293090666	56
332.733867109	56
333.612048994	56
334.433733655	56
334.574663838	50
335.262060938	45
336.21706656	65
336.885088117	42
336.997788865	42
337.537037109	42
338.200781652	42
338.878210269	42
339.560236229	42
340.093762953	42
340.964063432	50
341.92456209	55
342.8373935	58
343.352399135	40
343.929251431	48
344.440986768	46
344.918981024	47
345.600781973	49
346.027947641	56
346.424719459	55
347.223424489	55
348.153025511	55
348.741149561	55
348.755010842	55
348.983133431	55
349.845346929	55
350.62973613	43
350.869347437	43
351.22297742	43
351.520203502	43
352.320639647	43
352.990900008	43
353.355069964	43
354.08730396	46
354.220779138	46
354.398980113	46
354.729750062	46
355.131804846	46
355.986391732	46
356.059211357	46
356.159211357	46
356.835253734	60
357.238883754	45
357.354640402	50
357.978000181	41
358.106644952	45
358.437133102	45
358.848251987	45
359.73517739	45
360.303454383	45
360.902381808	45
361.472955529	45
361.521698956	51
362.133227659	50
362.365448499	52
363.030821328	50
363.910155539	42
364.499487698	54
365.334334951	63
365.420930752	48
366.41274825	50
367.176630146	51
367.900675303	51
368.843771704	51
368.930214872	51
369.573037086	51
370.35112729	51
370.4127398	51
371.088547753	44
371.826377654	47
372.708779163	47
373.001580634	47
373.154506513	47
373.427739532	47
374.321996838	47
374.439853281	47
374.73596031	46
375.165204026	46
375.902085495	46
376.390666042	46
377.28052395	46
378.075046475	46
378.834852177	46
379.034852177	45
379.978788021	41
380.153246737	47
380.396909171	47
381.378244949	47
382.069926218	47
383.035467525	47
383.699667351	47
384.417744928	47
385.274659723	51
385.867730048	51
386.496554544	51
386.650667198	51
387.38187826	51
387.397128653	51
388.338374597	51
388.438374597	60
389.197383962	49
389.34069451	53
389.894629653	53
390.212719218	53
390.67862673	53
391.425874886	53
391.499948187	53
392.401228768	53
392.402222694	48
392.792045849	48
393.758767273	48
394.066630561	48
394.358639223	48
394.727019213	48
395.657382394	48
395.757382394	52
395.836511584	43
396.799173538	52
397.087833439	52
397.224068648	52
398.091255732	52
399.013746954	52
399.263511838	52
399.776346252	52
400.751789027	47
401.545195413	50
402.007790572	57
402.934940522	61
403.066626674	61
403.134048821	61
403.906441481	61
404.185852559	61
404.191583801	61
404.771125743	61
404.9123973	66
405.742222215	66
405.903888876	66
406.522259335	66
406.821705878	66
407.223899033	66
407.493579482	66
407.593579482	54
408.435085485	58
409.377149205	56
409.696926139	49
410.172764196	57
411.16973653	58
411.362713616	53
411.377090704	54
411.425554473	42
412.14117417	42
413.137476963	42
413.384766061	42
414.05252057	42
414.464653748	42
415.296710938	42
416.118791329	49
416.610133986	49
416.971800712	49
417.870530724	49
418.710430091	49
419.120905966	49
419.932142103	49
420.032142103	41
420.546410437	49
421.241740939	41
421.983506688	41
422.893188617	41
423.846376777	41
424.196803576	41
424.893251992	41
425.193355473	41
425.413475581	52
425.538926063	52
426.195029327	52
427.193868086	52
428.175364805	52
428.448340897	52
428.702772168	52
428.802772168	51
429.147812398	51
429.987389386	51
430.329717323	62
430.674005822	54
430.915991152	58
431.252920913	58
431.890079305	58
432.496007885	58
432.570996629	58
432.856005693	58
433.50417035	58
434.382248992	45
435.013194107	45
435.580741676	45
435.8477059	45
436.575047657	45
437.216659666	45
437.441447267	45
437.541447267	51
438.41302239	59
439.382211375	48
439.794278613	48
439.861246228	48
440.281032499	48
440.423005548	48
441.011894477	48
441.442539086	48
441.751738421	55
441.838688266	47
442.166890526	39
442.670899967	53
443.342276097	46
443.439906913	46
444.227203831	46
444.283032657	46
444.304654843	46
444.518729333	46
445.099484927	46
445.422634924	55
446.290839177	48
446.806193441	44
447.505086738	56
447.645062499	56
448.288327126	56
449.151461689	56
449.724220507	56
449.752390852	56
449.862017602	56
450.265607943	53
451.227220129	53
451.300916052	53
451.736998849	53
452.449153	53
452.470500302	53
453.13691995	53
453.23691995	49
454.153629927	56
454.89885386	53
455.517031026	53
455.603716403	53
456.173023768	53
457.153391729	53
457.155866771	53
458.072571266	53
459.042960467	57
459.368255614	57
460.236096274	57
460.999951482	57
461.906135676	57
462.7418222	57
463.562612752	57
463.662612752	44
463.709958817	51
464.130328953	39
464.823275822	39
464.898769886	39
465.341793783	39
466.082835454	39
466.678107293	39
466.871077703	39
467.632981757	54
467.738645172	61
468.079731095	63
468.624866034	53
469.221908289	53
469.689291823	53
469.781717543	53
469.963828185	53
470.333917363	53
471.323788091	53
472.15171882	40
472.376066641	38
472.601475943	52
473.372194042	39
473.437435249	64
474.08435569	54
474.258036541	43
474.680227213	55
475.155058897	45
475.263462208	54
475.330586357	54
475.995656453	54
476.587372425	54
476.926012454	54
477.142334391	54
477.892250175	54
478.738892685	39
479.446697358	39
479.883534917	39
480.363760574	39
481.221665155	39
481.623464759	39
482.603009606	39
482.703009606	52
483.198700336	50
483.882129302	43
483.953745731	46
484.143350435	49
484.536331378	51
484.613586196	46
485.177494727	54
486.079139927	46
486.573517642	46
486.678315167	46
487.437432705	46
487.75170973	46
488.456658458	46
488.686830252	46
489.282692125	43
489.317176695	43
489.890644653	43
490.290389967	43
491.286654622	43
492.054793652	43
492.555201554	43
492.655201554	45
493.654737591	43
494.052637658	51
